px	py	v	yaw_angle	yaw_rate	px_measured	py_measured	px_true	py_true	vx_true	vy_true	NIS
0	0	0	0	0	0	0	0	0	0	0	6.95327e-310
0.0272407	-0.0272407	0	0	0	0	0	0	0	0	0	1.76399
1.5495	-0.128195	2.43214	2.77556e-17	2.82314e-33	1.55945	-0.138501	2.09897	0.0522228	2.19595	0.109339	0.728519
1.61902	0.0209099	2.74048	-0.0139535	-0.0119104	1.81209	0.0474826	2.09897	0.0522228	2.19595	0.109339	2.10111
3.88577	-0.132426	4.06019	-0.164755	-0.0194015	3.89093	-0.134166	4.29136	0.215312	2.28434	0.226323	0.350208
3.95372	0.0730343	3.7786	0.00778742	-0.0492297	4.19528	0.218461	4.29136	0.215312	2.28434	0.226323	4.01895
6.85678	0.409195	5.18882	0.62242	0.464727	6.86352	0.416817	6.56942	0.496096	2.36382	0.348847	0.812807
6.77231	0.436964	5.06501	0.652308	0.475671	6.43926	0.472879	6.56942	0.496096	2.36382	0.348847	1.66222
9.07424	2.14986	5.94062	0.953642	0.154271	9.07733	0.593211	8.92437	0.89924	2.43359	0.474526	0.353375
9.06076	0.612746	6.12961	0.501339	0.257982	8.89749	0.886982	8.92437	0.89924	2.43359	0.474526	0.803864
11.5309	-16.4208	14.151	3.09845	-3.62534	11.5756	1.6669	11.3468	1.427	2.49328	0.600781	0.944752
11.174	120.226	4.69859	-0.334279	-2.23989	11.4447	1.42958	11.3468	1.427	2.49328	0.600781	13.62
13.5618	109.406	-24.6145	-3.08395	20.8098	13.5921	2.31191	13.827	2.07905	2.5429	0.724947	1950.82
13.5629	2.91419	-7.51609	-0.130625	12.9064	13.6572	1.99915	13.827	2.07905	2.5429	0.724947	9.32991
16.6359	2.89357	26.254	11.9739	-5.2724	16.6456	2.903	16.3554	2.85243	2.58284	0.844365	1.41602
16.5656	2.88311	26.1849	11.9889	-5.29305	16.282	2.84648	16.3554	2.85243	2.58284	0.844365	1.14395
18.976	68.0851	99.3157	-13.2739	-23.2469	19.0106	3.70555	18.923	3.74161	2.61382	0.95648	-44.6006
24.0499	5.53798	-97.9417	63.6712	-8.35582	19.363	3.87122	18.923	3.74161	2.61382	0.95648	31.7217
21.3309	4.21747	-22.5251	55.0857	42.8804	21.3312	4.73205	21.5215	4.73855	2.63679	1.05891	5.39028
21.3196	4.81826	22.0649	55.0203	70.064	21.6213	4.74762	21.5215	4.73855	2.63679	1.05891	1.67927
24.0068	7.9013	-612.061	128.94	-353.21	24.0787	5.56967	24.1437	5.83295	2.65286	1.14953	8.26065
24.0591	6.60407	-602.991	129.309	-344.992	24.5601	5.92334	24.1437	5.83295	2.65286	1.14953	2.49908
26.6034	1.97805	-609.867	-215.285	-243.838	26.6052	6.96102	26.7833	7.01246	2.6632	1.22647	-1.04579
26.6046	6.66291	-670.435	-215.115	-441.24	26.5419	6.90075	26.7833	7.01246	2.6632	1.22647	2.12197
29.586	9.44533	-675.905	-656.431	-549.195	29.5864	8.08789	29.4352	8.26299	2.66893	1.28822	102.653
29.5534	8.0826	-699.434	-656.836	-542.857	29.4716	8.24519	29.4352	8.26299	2.66893	1.28822	0.615779
31.9242	5.83067	-652.091	-1198.45	-433.147	31.9416	9.88017	32.0955	9.56901	2.67105	1.33358	1.84921
31.9002	9.46106	-588.863	-1198.87	-402.122	31.7928	9.49891	32.0955	9.56901	2.67105	1.33358	0.999252
34.6399	9.73816	-797.369	-1598.67	-242.764	34.6157	10.6988	34.7608	10.9139	2.67035	1.3617	-6.06693
34.6882	11.2828	-822.066	-1598.39	-218.153	35.0599	10.9953	34.7608	10.9139	2.67035	1.3617	1.28957
37.141	32.2112	-962.279	-1820.54	-431.859	37.1404	12.0883	37.4287	12.2803	2.66736	1.37209	1.28158
37.1401	-98.9341	-41.1431	-1820.98	586.452	37.4973	12.2943	37.4287	12.2803	2.66736	1.37209	1.5944
40.1496	-73.6956	210.011	-1237.83	-218.283	40.3285	13.4666	40.0971	13.6505	2.66232	1.36459	3106.2
40.6172	-24.4563	-3415.15	-1243.74	12810.3	39.9009	13.6243	40.0971	13.6505	2.66232	1.36459	1403.23
42.7716	-22.9527	-3139.27	11565.6	1154.44	42.7664	14.8294	42.7638	15.0065	2.65515	1.33938	6258.29
42.3924	-22.3468	-2308.79	11566.1	-16013.6	42.5714	14.9817	42.7638	15.0065	2.65515	1.33938	866.165
45.2793	-19.838	-2288.96	-4450.22	-37062.3	45.3572	16.5524	45.4265	16.3307	2.64546	1.29701	712.414
45.7475	-11.4401	-516.884	-4446.85	-78326.6	45.649	16.5213	45.4265	16.3307	2.64546	1.29701	485.537
47.0682	-14.1639	382.165	-82782.5	-93816.1	48.1541	17.2835	48.0823	17.6063	2.6326	1.23832	619.135
47.2456	-14.0001	243.195	-82783.4	-99923.2	47.9331	17.5349	48.0823	17.6063	2.6326	1.23832	495.048
50.184	-11.9129	190.343	-182711	-103264	50.6228	19.0721	50.7276	18.8172	2.61569	1.16454	13237.5
50.634	-11.6499	159.708	-182712	-104000	50.5737	18.7834	50.7276	18.8172	2.61569	1.16454	433.082
53.5287	-10.9958	30.1487	-286713	-107630	53.7268	19.8982	53.3577	19.9486	2.59372	1.07716	25618.5
54.0519	-10.836	-219.633	-286714	-110005	53.5277	19.862	53.3577	19.9486	2.59372	1.07716	396.526
56.0065	-10.3058	-217.02	-396719	-110085	56.0322	21.0923	55.9669	20.9874	2.56561	0.978022	30774.8
56.5804	-10.1607	-194.817	-396720	-109765	55.867	20.985	55.9669	20.9874	2.56561	0.978022	389.576
58.3711	-9.19447	-348.955	-506485	-113281	58.6632	21.7821	58.5484	21.9225	2.53033	0.869205	25410.9
58.9855	-8.88002	-427.859	-506485	-115099	58.5799	21.9815	58.5484	21.9225	2.53033	0.869205	403.801
60.1667	-9.16967	-379.531	-621584	-113907	60.8722	22.7876	61.0941	22.7449	2.48697	0.753031	10911.4
60.7214	-9.33522	-330.583	-621584	-113469	60.7648	22.6398	61.0941	22.7449	2.48697	0.753031	438.386
61.8455	-9.32207	-204.919	-735044	-111660	63.3821	23.4069	63.5955	23.4479	2.43482	0.631987	17263.5
62.3899	-9.83303	33.5338	-735046	-109823	63.7478	23.7442	63.5955	23.4479	2.43482	0.631987	588.276
63.3945	-10.0407	676.669	-844885	-104386	66.3403	23.9959	66.0431	24.0276	2.37349	0.508655	25212.4
64.1054	-10.579	852.731	-844890	-104729	65.8838	23.9541	66.0431	24.0276	2.37349	0.508655	623.079
66.3184	-11.5643	906.499	-949611	-103752	68.262	24.3582	68.4273	24.4824	2.30293	0.385623	10439.7
67.1317	-11.2095	708.38	-949613	-108770	68.6759	24.6059	68.4273	24.4824	2.30293	0.385623	598.762
70.8328	-12.6855	681.535	-1.05838e+06	-109139	70.8275	24.8844	70.7384	24.8137	2.22347	0.265395	28800.7
71.3815	-12.7949	649.202	-1.05838e+06	-105943	70.7403	24.6728	70.7384	24.8137	2.22347	0.265395	371.453
72.0297	-12.9596	631.409	-1.16433e+06	-104136	72.8923	24.7135	72.9675	25.025	2.13584	0.150292	622.269
72.4074	-12.9357	647.505	-1.16433e+06	-104914	73.0732	25.0343	72.9675	25.025	2.13584	0.150292	452.918
74.9086	-12.2523	639.674	-1.26924e+06	-104968	75.0021	25.2595	75.1062	25.1224	2.04114	0.0423626	28974.3
75.5296	-12.1118	644.663	-1.26924e+06	-105028	74.9748	25.1377	75.1062	25.1224	2.04114	0.0423626	351.226
76.897	-13.4205	3898.34	-1.37428e+06	-120068	77.1225	24.9297	77.1475	25.1137	1.9408	-0.0566978	41099.9
77.4503	-13.6859	2313.25	-1.37428e+06	-1.68436e+06	77.1386	25.2948	77.1475	25.1137	1.9408	-0.0566978	355.667
78.2504	-12.5916	1984.64	-3.05863e+06	-3.49526e+06	79.1089	25.0369	79.0861	25.0086	1.83649	-0.145607	756.929
78.6368	-12.5374	2472.47	-3.05863e+06	-4.52482e+06	79.1718	24.9698	79.0861	25.0086	1.83649	-0.145607	380.961
79.3571	-13.0396	3833.96	-7.58344e+06	-6.15434e+06	80.8074	24.8688	80.9183	24.8178	1.73008	-0.223536	2394.21
79.6855	-13.168	4170.18	-7.58344e+06	-8.46077e+06	81.1423	24.8704	80.9183	24.8178	1.73008	-0.223536	438.58
81.5205	-12.2231	4546.27	-1.60442e+07	-1.00215e+07	82.6216	24.6393	82.6423	24.5525	1.6235	-0.29012	12459.8
81.7899	-11.8581	3050.53	-1.60442e+07	-7.41709e+06	82.5085	24.8114	82.6423	24.5525	1.6235	-0.29012	359.452
83.7115	-13.488	2568.87	-2.34613e+07	-6.52218e+06	84.1733	24.5504	84.2584	24.2245	1.51869	-0.345444	15052.7
84.1093	-13.6515	2820.07	-2.34613e+07	-9.94911e+06	84.2898	24.3312	84.2584	24.2245	1.51869	-0.345444	298.563
85.0515	-13.4417	2913.71	-3.34104e+07	-1.10254e+07	85.6378	23.808	85.7688	23.8451	1.41749	-0.390006	12044.4
85.5063	-13.2529	1234.43	-3.34104e+07	-6.63835e+06	85.9743	23.7547	85.7688	23.8451	1.41749	-0.390006	298.114
86.7144	-13.4205	1308.77	-4.00488e+07	-7.13409e+06	86.9449	23.527	87.1776	23.4252	1.32159	-0.424654	33195.8
87.2973	-13.3116	1311.39	-4.00488e+07	-7.07745e+06	87.6171	23.5127	87.1776	23.4252	1.32159	-0.424654	270.571
87.6522	-14.3825	1776.7	-4.71262e+07	-1.42407e+07	88.8227	22.7869	88.4904	22.9745	1.23248	-0.450514	5416.83
87.9323	-14.2293	1853.5	-4.71262e+07	-1.70871e+07	88.4191	22.9498	88.4904	22.9745	1.23248	-0.450514	255.625
89.1947	-14.5092	2005.32	-6.42133e+07	-1.8903e+07	89.4967	22.3082	89.7145	22.5017	1.15138	-0.468904	30518.5
89.3088	-13.87	-1793.91	-6.42133e+07	-8.5653e+07	89.7821	22.4826	89.7145	22.5017	1.15138	-0.468904	264.619
90.1492	-15.4011	-966.576	-1.49866e+08	-7.0905e+07	90.5133	21.6677	90.858	22.0141	1.07929	-0.481241	49591.8
90.5157	-15.7066	-346.726	-1.49866e+08	-1.10638e+11	90.8419	22.0974	90.858	22.0141	1.07929	-0.481241	223.169
91.0271	-16.5756	-330.051	-1.10788e+11	-1.10852e+11	91.7178	21.1152	91.9302	21.5174	1.01698	-0.488964	623.459
91.2258	-16.5487	60701	-1.10788e+11	-2.20779e+11	92.0492	21.5289	91.9302	21.5174	1.01698	-0.488964	227.375
91.6903	-16.5798	60013.4	-3.31567e+11	-2.19707e+11	92.8599	20.9537	92.9411	21.016	0.964993	-0.493443	1033.15
91.8656	-16.5193	-1801.92	-3.31567e+11	-5.54674e+11	93.3186	21.0712	92.9411	21.016	0.964993	-0.493443	242.72
93.2467	-18.1154	-10735.3	-2.95414e+11	-2.2903e+11	93.4668	20.2155	93.9011	20.513	0.92369	-0.495919	28798.4
93.4019	-18.1903	2.95748e+08	-2.95414e+11	2.30966e+22	93.7423	20.5071	93.9011	20.513	0.92369	-0.495919	193.529
95.2091	-17.8215	2.95861e+08	2.30966e+22	2.31055e+22	95.3229	19.6585	94.8209	20.01	0.893308	-0.497439	20494.9
95.1825	-17.754	-383663	2.30966e+22	7.70404e+21	94.494	19.8854	94.8209	20.01	0.893308	-0.497439	171.822
95.4671	-18.0271	-558405	1.02669e+22	2.04327e+20	95.5039	19.6984	95.7116	19.5078	0.87398	-0.498816	14812.8
95.4578	-18.0668	54.8211	1.02669e+22	6.80918e+19	95.6097	19.5804	95.7116	19.5078	0.87398	-0.498816	171.303
95.9074	-18.2016	-442.911	3.44499e+21	2.04783e+19	96.2641	19.1597	96.5842	19.0065	0.865773	-0.500589	15494.4
96.0065	-18.054	0.652972	3.44499e+21	6.82405e+18	96.559	18.8688	96.5842	19.0065	0.865773	-0.500589	168.737
97.5369	-18.9193	4.19194	1.1506e+21	9.75841e+16	97.5286	18.727	97.45	18.506	0.868716	-0.503009	25852.4
97.321	-18.6886	2.70369	1.1506e+21	3.24869e+16	97.5333	18.1735	97.45	18.506	0.868716	-0.503009	175.621
98.1222	-19.3997	0.603675	3.83546e+20	1.52285e+16	98.2105	18.3739	98.3198	18.0049	0.882805	-0.506023	22181.8
98.2032	-19.4567	-0.4272	3.83546e+20	3.83144e+94	98.4162	18.1556	98.3198	18.0049	0.882805	-0.506023	164.14
98.79	-20.4491	1.75444	1.27715e+94	9.74653e+93	99.0363	17.357	99.2049	17.503	0.908006	-0.509278	9807.41
98.7252	-20.3085	1.28685	1.27715e+94	3.24824e+93	98.9782	17.2949	99.2049	17.503	0.908006	-0.509278	159.361
99.103	-20.4938	1.83764	5.33991e+93	-4.20666e+93	99.9969	16.9882	100.117	17.0001	0.944242	-0.512134	2327.55
99.0564	-20.6226	0.672633	5.33991e+93	-1.39693e+93	100.441	16.9521	100.117	17.0001	0.944242	-0.512134	178.699
nan	nan	nan	nan	nan	101.204	16.5368	101.065	16.497	0.991362	-0.513687	nan
nan	nan	nan	nan	nan	101.169	16.4353	101.065	16.497	0.991362	-0.513687	nan
nan	nan	nan	nan	nan	102.387	16.3992	102.063	15.9949	1.04911	-0.512803	nan
nan	nan	nan	nan	nan	102.081	15.8359	102.063	15.9949	1.04911	-0.512803	nan
nan	nan	nan	nan	nan	103.003	15.353	103.119	15.4967	1.11708	-0.508169	nan
nan	nan	nan	nan	nan	102.776	15.1195	103.119	15.4967	1.11708	-0.508169	nan
nan	nan	nan	nan	nan	104.114	15.2708	104.244	15.0064	1.19469	-0.498349	nan
nan	nan	nan	nan	nan	103.905	14.7607	104.244	15.0064	1.19469	-0.498349	nan
nan	nan	nan	nan	nan	105.541	14.4412	105.447	14.5293	1.28111	-0.481861	nan
nan	nan	nan	nan	nan	105.316	14.0026	105.447	14.5293	1.28111	-0.481861	nan
nan	nan	nan	nan	nan	106.831	14.0482	106.737	14.0724	1.37529	-0.457255	nan
nan	nan	nan	nan	nan	106.439	14.2401	106.737	14.0724	1.37529	-0.457255	nan
nan	nan	nan	nan	nan	108.084	13.6604	108.122	13.644	1.47592	-0.423202	nan
nan	nan	nan	nan	nan	108.131	13.6844	108.122	13.644	1.47592	-0.423202	nan
nan	nan	nan	nan	nan	109.534	13.5714	109.606	13.2536	1.58144	-0.378583	nan
nan	nan	nan	nan	nan	109.388	13.1556	109.606	13.2536	1.58144	-0.378583	nan
nan	nan	nan	nan	nan	111.063	12.5814	111.196	12.9118	1.69008	-0.322574	nan
nan	nan	nan	nan	nan	111.426	12.9557	111.196	12.9118	1.69008	-0.322574	nan
nan	nan	nan	nan	nan	112.913	12.4877	112.893	12.6299	1.7999	-0.254723	nan
nan	nan	nan	nan	nan	112.797	12.8241	112.893	12.6299	1.7999	-0.254723	nan
nan	nan	nan	nan	nan	114.801	12.5506	114.699	12.4195	1.90891	-0.175007	nan
nan	nan	nan	nan	nan	114.916	12.3187	114.699	12.4195	1.90891	-0.175007	nan
nan	nan	nan	nan	nan	116.687	12.1035	116.611	12.2921	2.01507	-0.0838683	nan
nan	nan	nan	nan	nan	116.871	12.0659	116.611	12.2921	2.01507	-0.0838683	nan
nan	nan	nan	nan	nan	118.953	12.0009	118.628	12.2586	2.11648	0.0177712	nan
nan	nan	nan	nan	nan	118.85	12.4063	118.628	12.2586	2.11648	0.0177712	nan
nan	nan	nan	nan	nan	120.695	12.2918	120.743	12.3289	2.21139	0.128528	nan
nan	nan	nan	nan	nan	120.934	12.1905	120.743	12.3289	2.21139	0.128528	nan
nan	nan	nan	nan	nan	123.568	12.8297	122.95	12.5114	2.29835	0.246599	nan
nan	nan	nan	nan	nan	123.142	12.7694	122.95	12.5114	2.29835	0.246599	nan
nan	nan	nan	nan	nan	124.894	12.7743	125.242	12.8125	2.37624	0.369827	nan
nan	nan	nan	nan	nan	125.376	12.9964	125.242	12.8125	2.37624	0.369827	nan
nan	nan	nan	nan	nan	127.853	13.3273	127.609	13.2365	2.44434	0.495787	nan
nan	nan	nan	nan	nan	127.506	13.153	127.609	13.2365	2.44434	0.495787	nan
nan	nan	nan	nan	nan	129.947	13.6963	130.042	13.7853	2.50232	0.621879	nan
nan	nan	nan	nan	nan	130.334	13.781	130.042	13.7853	2.50232	0.621879	nan
nan	nan	nan	nan	nan	132.092	14.507	132.53	14.458	2.55028	0.74543	nan
nan	nan	nan	nan	nan	132.447	14.3423	132.53	14.458	2.55028	0.74543	nan
nan	nan	nan	nan	nan	135.074	15.0475	135.066	15.2513	2.58865	0.863795	nan
nan	nan	nan	nan	nan	135.127	14.6575	135.066	15.2513	2.58865	0.863795	nan
nan	nan	nan	nan	nan	137.561	16.2147	137.639	16.1592	2.61821	0.974442	nan
nan	nan	nan	nan	nan	137.653	16.5145	137.639	16.1592	2.61821	0.974442	nan
nan	nan	nan	nan	nan	140.331	17.008	140.242	17.1733	2.63994	1.07503	nan
nan	nan	nan	nan	nan	140.305	17.5379	140.242	17.1733	2.63994	1.07503	nan
nan	nan	nan	nan	nan	142.888	17.9918	142.868	18.2829	2.65497	1.16346	nan
nan	nan	nan	nan	nan	142.626	18.1458	142.868	18.2829	2.65497	1.16346	nan
nan	nan	nan	nan	nan	145.392	19.1617	145.51	19.4754	2.66445	1.23795	nan
nan	nan	nan	nan	nan	145.789	19.3785	145.51	19.4754	2.66445	1.23795	nan
nan	nan	nan	nan	nan	148.251	20.4754	148.163	20.7364	2.66951	1.29702	nan
nan	nan	nan	nan	nan	148.146	20.9376	148.163	20.7364	2.66951	1.29702	nan
nan	nan	nan	nan	nan	150.686	22.1142	150.825	22.0502	2.67111	1.33953	nan
nan	nan	nan	nan	nan	150.649	21.8148	150.825	22.0502	2.67111	1.33953	nan
nan	nan	nan	nan	nan	153.422	23.4909	153.491	23.3999	2.66999	1.3647	nan
nan	nan	nan	nan	nan	153.466	22.9115	153.491	23.3999	2.66999	1.3647	nan
nan	nan	nan	nan	nan	156.047	24.8084	156.159	24.7682	2.66666	1.37208	nan
nan	nan	nan	nan	nan	156.009	25.0678	156.159	24.7682	2.66666	1.37208	nan
nan	nan	nan	nan	nan	158.905	26.0308	158.827	26.1372	2.66127	1.36157	nan
nan	nan	nan	nan	nan	159.014	26.1903	158.827	26.1372	2.66127	1.36157	nan
nan	nan	nan	nan	nan	161.412	27.4256	161.493	27.4891	2.65371	1.33344	nan
nan	nan	nan	nan	nan	161.529	27.8454	161.493	27.4891	2.65371	1.33344	nan
nan	nan	nan	nan	nan	163.625	28.7683	164.155	28.8064	2.64354	1.28825	nan
nan	nan	nan	nan	nan	164.116	29.315	164.155	28.8064	2.64354	1.28825	nan
nan	nan	nan	nan	nan	166.828	30.2062	166.809	30.0721	2.63006	1.22694	nan
nan	nan	nan	nan	nan	166.748	29.7121	166.809	30.0721	2.63006	1.22694	nan
nan	nan	nan	nan	nan	169.097	31.3717	169.452	31.2706	2.61238	1.15075	nan
nan	nan	nan	nan	nan	169.345	30.7063	169.452	31.2706	2.61238	1.15075	nan
nan	nan	nan	nan	nan	172.175	32.3404	172.079	32.3873	2.58945	1.06126	nan
nan	nan	nan	nan	nan	172.135	32.6666	172.079	32.3873	2.58945	1.06126	nan
nan	nan	nan	nan	nan	174.643	33.4625	174.685	33.4095	2.56021	0.960341	nan
nan	nan	nan	nan	nan	174.474	33.9157	174.685	33.4095	2.56021	0.960341	nan
nan	nan	nan	nan	nan	177.03	34.2009	177.261	34.3262	2.52363	0.850119	nan
nan	nan	nan	nan	nan	177.211	33.8467	177.261	34.3262	2.52363	0.850119	nan
nan	nan	nan	nan	nan	180.145	35.1423	179.799	35.1289	2.47883	0.732949	nan
nan	nan	nan	nan	nan	179.543	35.4767	179.799	35.1289	2.47883	0.732949	nan
nan	nan	nan	nan	nan	182.599	35.753	182.292	35.8114	2.42515	0.611338	nan
nan	nan	nan	nan	nan	182.047	36.2626	182.292	35.8114	2.42515	0.611338	nan
nan	nan	nan	nan	nan	184.732	36.5155	184.73	36.37	2.36226	0.487877	nan
nan	nan	nan	nan	nan	184.833	36.1451	184.73	36.37	2.36226	0.487877	nan
nan	nan	nan	nan	nan	186.946	36.9404	187.103	36.804	2.29017	0.365145	nan
nan	nan	nan	nan	nan	187.296	36.9375	187.103	36.804	2.29017	0.365145	nan
nan	nan	nan	nan	nan	189.465	37.4052	189.401	37.1147	2.20928	0.245623	nan
nan	nan	nan	nan	nan	189.738	36.951	189.401	37.1147	2.20928	0.245623	nan
nan	nan	nan	nan	nan	191.735	37.5631	191.615	37.3064	2.12037	0.131591	nan
nan	nan	nan	nan	nan	191.682	37.1147	191.615	37.3064	2.12037	0.131591	nan
nan	nan	nan	nan	nan	193.471	37.2789	193.738	37.3853	2.02462	0.0250452	nan
nan	nan	nan	nan	nan	193.555	37.4234	193.738	37.3853	2.02462	0.0250452	nan
nan	nan	nan	nan	nan	195.991	37.3991	195.762	37.3598	1.92349	-0.072386	nan
nan	nan	nan	nan	nan	195.507	37.4891	195.762	37.3598	1.92349	-0.072386	nan
nan	nan	nan	nan	nan	197.725	37.7285	197.683	37.2395	1.81869	-0.159495	nan
nan	nan	nan	nan	nan	197.582	37.303	197.683	37.2395	1.81869	-0.159495	nan
nan	nan	nan	nan	nan	199.294	37.2862	199.497	37.0353	1.71212	-0.235529	nan
nan	nan	nan	nan	nan	199.356	37.3527	199.497	37.0353	1.71212	-0.235529	nan
nan	nan	nan	nan	nan	201.549	36.9973	201.203	36.7587	1.6057	-0.300201	nan
nan	nan	nan	nan	nan	200.932	37.4694	201.203	36.7587	1.6057	-0.300201	nan
nan	nan	nan	nan	nan	202.962	36.4568	202.801	36.4212	1.50137	-0.353671	nan
nan	nan	nan	nan	nan	202.65	37.2445	202.801	36.4212	1.50137	-0.353671	nan
nan	nan	nan	nan	nan	203.991	36.1967	204.294	36.0343	1.40095	-0.396497	nan
nan	nan	nan	nan	nan	203.809	36.2941	204.294	36.0343	1.40095	-0.396497	nan
