px	py	v	yaw_angle	yaw_rate	px_measured	py_measured	px_true	py_true	vx_true	vy_true	NIS
0	0	0	0	0	0	0	0	0	0	0	0
0.0272407	-0.0272407	0	0	0	0	0	0	0	0	0	1.76399
0.0272407	-0.0272407	-2.13845e-17	3.07913e-17	-4.16334e-17	1.55945	-0.138501	2.09897	0.0522228	2.19595	0.109339	0
1.3755	0.77191	1.19472	2.22609e-16	1.4762e-16	1.81209	0.0474826	2.09897	0.0522228	2.19595	0.109339	8.75887
1.92767	0.791977	1.19472	6.33174e-16	3.1225e-16	3.89093	-0.134166	4.29136	0.215312	2.28434	0.226323	0
3.50452	-0.216831	2.70314	-0.161661	0.335216	4.19528	0.218461	4.29136	0.215312	2.28434	0.226323	2.86031
3.43598	-0.0948796	2.70314	0.173556	0.335216	6.86352	0.416817	6.56942	0.496096	2.36382	0.348847	0
4.2143	1.67079	3.10969	0.492276	0.284865	6.43926	0.472879	6.56942	0.496096	2.36382	0.348847	0.904178
4.47933	2.16663	3.10969	0.777141	0.284865	9.07733	0.593211	8.92437	0.89924	2.43359	0.474526	0
6.91462	2.998	4.32959	-2.98093	-1.48964	8.89749	0.886982	8.92437	0.89924	2.43359	0.474526	8.74522
7.83695	2.51948	4.32959	-4.47057	-1.48964	11.5756	1.6669	11.3468	1.427	2.49328	0.600781	0
10.9678	1.62865	6.2272	-0.371727	-4.16899	11.4447	1.42958	11.3468	1.427	2.49328	0.600781	9.47668
9.949	1.29066	6.2272	-4.54071	-4.16899	13.5921	2.31191	13.827	2.07905	2.5429	0.724947	0
13.1907	2.17258	11.777	-0.649483	-2.05838	13.6572	1.99915	13.827	2.07905	2.5429	0.724947	23.5413
12.2356	-0.310628	11.777	-2.70787	-2.05838	16.6456	2.903	16.3554	2.85243	2.58284	0.844365	0
14.0026	1.67907	12.3866	1.32352	-3.13672	16.282	2.84648	16.3554	2.85243	2.58284	0.844365	2.42156
20.7672	0.90006	12.3866	-1.8132	-3.13672	19.0106	3.70555	18.923	3.74161	2.61382	0.95648	0
19.4278	3.65616	12.3048	0.0420024	-3.83137	19.363	3.87122	18.923	3.74161	2.61382	0.95648	1.66573
17.7636	-1.8653	12.3048	-3.78937	-3.83137	21.3312	4.73205	21.5215	4.73855	2.63679	1.05891	0
21.8712	3.49691	10.5534	-1.03393	-3.6427	21.6213	4.74762	21.5215	4.73855	2.63679	1.05891	10.7159
16.529	1.89292	10.5534	-4.67663	-3.6427	24.0787	5.56967	24.1437	5.83295	2.65286	1.14953	0
24.4971	4.31842	11.3101	-0.956252	-2.99467	24.5601	5.92334	24.1437	5.83295	2.65286	1.14953	23.0037
18.7819	-0.518428	11.3101	-3.95093	-2.99467	26.6052	6.96102	26.7833	7.01246	2.6632	1.22647	0
26.4025	5.5095	11.6878	-1.19558	-3.14763	26.5419	6.90075	26.7833	7.01246	2.6632	1.22647	18.5514
19.5907	2.86824	11.6878	-4.3432	-3.14763	29.5864	8.08789	29.4352	8.26299	2.66893	1.28822	0
28.9173	7.12705	15.5091	-1.12761	-2.80691	29.4716	8.24519	29.4352	8.26299	2.66893	1.28822	37.5444
20.0677	0.899506	15.5091	-3.93453	-2.80691	31.9416	9.88017	32.0955	9.56901	2.67105	1.33358	0
31.7709	8.58349	17.586	-1.36013	-3.14014	31.7928	9.49891	32.0955	9.56901	2.67105	1.33358	18.2814
20.9695	6.26687	17.586	-4.50027	-3.14014	34.6157	10.6988	34.7608	10.9139	2.67035	1.3617	0
34.4109	11.0395	20.2509	-1.09374	-2.66421	35.0599	10.9953	34.7608	10.9139	2.67035	1.3617	26.572
23.3539	1.34126	20.2509	-3.75795	-2.66421	37.1404	12.0883	37.4287	12.2803	2.66736	1.37209	0
37.773	12.3739	19.0074	-1.27179	-3.28948	37.4973	12.2943	37.4287	12.2803	2.66736	1.37209	13.6005
26.7148	9.82749	19.0074	-4.56126	-3.28948	40.3285	13.4666	40.0971	13.6505	2.66232	1.36459	0
39.5088	13.7539	19.6125	-1.05238	-2.85203	39.9009	13.6243	40.0971	13.6505	2.66232	1.36459	9.20239
28.8865	5.34443	19.6125	-3.90441	-2.85203	42.7664	14.8294	42.7638	15.0065	2.65515	1.33938	0
42.5155	14.6739	20.5375	-1.22112	-3.12193	42.5714	14.9817	42.7638	15.0065	2.65515	1.33938	13.7418
30.343	10.097	20.5375	-4.34305	-3.12193	45.3572	16.5524	45.4265	16.3307	2.64546	1.29701	0
45.0252	16.6296	23.1634	-1.08264	-2.74401	45.649	16.5213	45.4265	16.3307	2.64546	1.29701	22.5176
32.3142	6.133	23.1634	-3.82665	-2.74401	48.1541	17.2835	48.0823	17.6063	2.6326	1.23832	0
48.2366	17.3933	23.0036	-1.25699	-3.26387	47.9331	17.5349	48.0823	17.6063	2.6326	1.23832	9.52894
34.7862	13.9082	23.0036	-4.52087	-3.26387	50.6228	19.0721	50.7276	18.8172	2.61569	1.16454	0
50.1563	18.9844	23.7713	-1.06698	-2.84113	50.5737	18.7834	50.7276	18.8172	2.61569	1.16454	9.40778
37.1369	8.8816	23.7713	-3.90811	-2.84113	53.7268	19.8982	53.3577	19.9486	2.59372	1.07716	0
53.5304	19.7909	24.2227	-1.22148	-3.12455	53.5277	19.862	53.3577	19.9486	2.59372	1.07716	11.7553
39.1587	14.4121	24.2227	-4.34603	-3.12455	56.0322	21.0923	55.9669	20.9874	2.56561	0.978022	0
55.2936	21.4105	25.9532	-1.09592	-2.83627	55.867	20.985	55.9669	20.9874	2.56561	0.978022	11.1431
40.7409	10.7744	25.9532	-3.93218	-2.83627	58.6632	21.7821	58.5484	21.9225	2.53033	0.869205	0
58.5263	22.195	26.7149	-1.2064	-3.11129	58.5799	21.9815	58.5484	21.9225	2.53033	0.869205	10.5609
42.7155	15.8854	26.7149	-4.31769	-3.11129	60.8722	22.7876	61.0941	22.7449	2.48697	0.753031	0
60.0654	23.5439	28.0405	-1.10159	-2.87835	60.7648	22.6398	61.0941	22.7449	2.48697	0.753031	8.46645
44.2243	12.6026	28.0405	-3.97994	-2.87835	63.3821	23.4069	63.5955	23.4479	2.43482	0.631987	0
63.5105	24.2305	28.8542	-1.19512	-3.0505	63.7478	23.7442	63.5955	23.4479	2.43482	0.631987	12.4103
46.3819	16.5556	28.8542	-4.24563	-3.0505	66.3403	23.9959	66.0431	24.0276	2.37349	0.508655	0
65.1046	25.2306	30.2379	-1.13338	-2.92316	65.8838	23.9541	66.0431	24.0276	2.37349	0.508655	7.83219
47.6248	14.5244	30.2379	-4.05654	-2.92316	68.262	24.3582	68.4273	24.4824	2.30293	0.385623	0
68.1198	25.7722	30.9269	-1.16862	-2.99489	68.6759	24.6059	68.4273	24.4824	2.30293	0.385623	11.4964
49.9008	16.3803	30.9269	-4.16351	-2.99489	70.8275	24.8844	70.7384	24.8137	2.22347	0.265395	0
69.9821	26.2106	32.0463	-1.15828	-2.98675	70.7403	24.6728	70.7384	24.8137	2.22347	0.265395	7.40639
51.1897	16.1398	32.0463	-4.14503	-2.98675	72.8923	24.7135	72.9675	25.025	2.13584	0.150292	0
72.3888	26.3967	32.5665	-1.173	-2.98939	73.0732	25.0343	72.9675	25.025	2.13584	0.150292	8.92682
53.1396	16.49	32.5665	-4.16239	-2.98939	75.0021	25.2595	75.1062	25.1224	2.04114	0.0423626	0
74.3324	26.4912	33.138	-1.18022	-3.01834	74.9748	25.1377	75.1062	25.1224	2.04114	0.0423626	6.69312
54.7007	16.9169	33.138	-4.19856	-3.01834	77.1225	24.9297	77.1475	25.1137	1.9408	-0.0566978	0
76.4995	26.5056	33.6787	-1.1998	-3.0021	77.1386	25.2948	77.1475	25.1137	1.9408	-0.0566978	7.66025
56.3373	16.9493	33.6787	-4.2019	-3.0021	79.1089	25.0369	79.0861	25.0086	1.83649	-0.145607	0
78.4881	26.4824	33.9299	-1.20351	-3.01217	79.1718	24.9698	79.0861	25.0086	1.83649	-0.145607	6.77836
58.1526	17.0684	33.9299	-4.21567	-3.01217	80.8074	24.8688	80.9183	24.8178	1.73008	-0.223536	0
80.4846	26.3312	34.2828	-1.22051	-3.0202	81.1423	24.8704	80.9183	24.8178	1.73008	-0.223536	6.61255
59.7915	17.2719	34.2828	-4.24071	-3.0202	82.6216	24.6393	82.6423	24.5525	1.6235	-0.29012	0
81.9163	26.157	34.4304	-1.22527	-3.04487	82.5085	24.8114	82.6423	24.5525	1.6235	-0.29012	4.39304
61.1367	17.4762	34.4304	-4.27014	-3.04487	84.1733	24.5504	84.2584	24.2245	1.51869	-0.345444	0
83.5881	25.946	34.502	-1.23112	-3.02028	84.2898	24.3312	84.2584	24.2245	1.51869	-0.345444	5.47846
62.6666	17.0417	34.502	-4.25141	-3.02028	85.6378	23.808	85.7688	23.8451	1.41749	-0.390006	0
85.2882	25.5401	34.4566	-1.24867	-3.041	85.9743	23.7547	85.7688	23.8451	1.41749	-0.390006	5.31499
64.286	17.3007	34.4566	-4.28967	-3.041	86.9449	23.527	87.1776	23.4252	1.32159	-0.424654	0
86.934	25.2273	34.6131	-1.26073	-3.02935	87.6171	23.5127	87.1776	23.4252	1.32159	-0.424654	5.3177
65.7099	17.0404	34.6131	-4.29009	-3.02935	88.8227	22.7869	88.4904	22.9745	1.23248	-0.450514	0
87.7987	24.7557	34.3449	-1.26401	-3.08067	88.4191	22.9498	88.4904	22.9745	1.23248	-0.450514	2.75078
66.8442	17.3693	34.3449	-4.34468	-3.08067	89.4967	22.3082	89.7145	22.5017	1.15138	-0.468904	0
89.1039	24.2708	34.2816	-1.2833	-3.04544	89.7821	22.4826	89.7145	22.5017	1.15138	-0.468904	4.00595
67.9498	16.8316	34.2816	-4.32874	-3.04544	90.5133	21.6677	90.858	22.0141	1.07929	-0.481241	0
90.205	23.9155	33.9804	-1.28502	-3.05467	90.8419	22.0974	90.858	22.0141	1.07929	-0.481241	3.49165
69.2487	16.7177	33.9804	-4.3397	-3.05467	91.7178	21.1152	91.9302	21.5174	1.01698	-0.488964	0
91.3893	23.473	33.9299	-1.29596	-3.05354	92.0492	21.5289	91.9302	21.5174	1.01698	-0.488964	3.80944
70.3828	16.495	33.9299	-4.3495	-3.05354	92.8599	20.9537	92.9411	21.016	0.964993	-0.493443	0
92.6593	23.0476	33.7531	-1.30393	-3.04557	93.3186	21.0712	92.9411	21.016	0.964993	-0.493443	4.11281
71.6838	16.1747	33.7531	-4.34949	-3.04557	93.4668	20.2155	93.9011	20.513	0.92369	-0.495919	0
93.1611	22.504	33.3976	-1.30775	-3.09755	93.7423	20.5071	93.9011	20.513	0.92369	-0.495919	2.01558
72.5459	16.4275	33.3976	-4.4053	-3.09755	95.3229	19.6585	94.8209	20.01	0.893308	-0.497439	0
93.8655	21.9456	33.0794	-1.3209	-3.07485	94.494	19.8854	94.8209	20.01	0.893308	-0.497439	2.34264
73.2939	15.8934	33.0794	-4.39575	-3.07485	95.5039	19.6984	95.7116	19.5078	0.87398	-0.498816	0
94.9847	21.5428	32.6669	-1.32784	-3.04565	95.6097	19.5804	95.7116	19.5078	0.87398	-0.498816	3.67047
74.5339	15.3785	32.6669	-4.37349	-3.04565	96.2641	19.1597	96.5842	19.0065	0.865773	-0.500589	0
95.9435	21.0571	32.4161	-1.33347	-3.06566	96.559	18.8688	96.5842	19.0065	0.865773	-0.500589	3.32794
75.6796	15.3098	32.4161	-4.39913	-3.06566	97.5286	18.727	97.45	18.506	0.868716	-0.503009	0
96.8855	20.5454	32.148	-1.33613	-3.05796	97.5333	18.1735	97.45	18.506	0.868716	-0.503009	3.36977
76.7478	14.7913	32.148	-4.39409	-3.05796	98.2105	18.3739	98.3198	18.0049	0.882805	-0.506023	0
97.8718	20.0431	31.7752	-1.34725	-3.06373	98.4162	18.1556	98.3198	18.0049	0.882805	-0.506023	3.23479
77.9267	14.6565	31.7752	-4.41099	-3.06373	99.0363	17.357	99.2049	17.503	0.908006	-0.509278	0
98.4124	19.5518	31.3135	-1.34348	-3.08097	98.9782	17.2949	99.2049	17.503	0.908006	-0.509278	2.23787
78.8358	14.3589	31.3135	-4.42445	-3.08097	99.9969	16.9882	100.117	17.0001	0.944242	-0.512134	0
99.84	19.0025	30.9504	-1.36055	-3.02949	100.441	16.9521	100.117	17.0001	0.944242	-0.512134	5.04181
80.2311	13.6145	30.9504	-4.39004	-3.02949	101.204	16.5368	101.065	16.497	0.991362	-0.513687	0
100.667	18.4962	30.4235	-1.36051	-3.0755	101.169	16.4353	101.065	16.497	0.991362	-0.513687	2.93296
81.5484	13.7503	30.4235	-4.43601	-3.0755	102.387	16.3992	102.063	15.9949	1.04911	-0.512803	0
101.538	17.9957	30.1787	-1.36311	-3.05842	102.081	15.8359	102.063	15.9949	1.04911	-0.512803	3.14213
82.4991	13.107	30.1787	-4.42153	-3.05842	103.003	15.353	103.119	15.4967	1.11708	-0.508169	0
102.262	17.3766	29.434	-1.36754	-3.07551	102.776	15.1195	103.119	15.4967	1.11708	-0.508169	2.68445
83.7334	12.8993	29.434	-4.44305	-3.07551	104.114	15.2708	104.244	15.0064	1.19469	-0.498349	0
103.37	16.8793	29.0686	-1.37058	-3.04057	103.905	14.7607	104.244	15.0064	1.19469	-0.498349	4.07055
84.9409	12.1293	29.0686	-4.41115	-3.04057	105.541	14.4412	105.447	14.5293	1.28111	-0.481861	0
104.781	16.2479	28.4839	-1.38013	-3.03481	105.316	14.0026	105.447	14.5293	1.28111	-0.481861	5.2853
86.6625	11.7444	28.4839	-4.41494	-3.03481	106.831	14.0482	106.737	14.0724	1.37529	-0.457255	0
105.995	15.9016	28.4551	-1.3757	-3.03732	106.439	14.2401	106.737	14.0724	1.37529	-0.457255	4.52169
87.9205	11.3453	28.4551	-4.41302	-3.03732	108.084	13.6604	108.122	13.644	1.47592	-0.423202	0
107.652	15.4047	28.2971	-1.38174	-3.01263	108.131	13.6844	108.122	13.644	1.47592	-0.423202	6.554
89.5731	10.7262	28.2971	-4.39438	-3.01263	109.534	13.5714	109.606	13.2536	1.58144	-0.378583	0
108.98	14.8419	28.0291	-1.38703	-3.04735	109.388	13.1556	109.606	13.2536	1.58144	-0.378583	4.76668
91.1617	10.6793	28.0291	-4.43438	-3.04735	111.063	12.5814	111.196	12.9118	1.69008	-0.322574	0
110.953	14.3837	28.2347	-1.39226	-2.98319	111.426	12.9557	111.196	12.9118	1.69008	-0.322574	8.67223
92.7746	9.58015	28.2347	-4.37545	-2.98319	112.913	12.4877	112.893	12.6299	1.7999	-0.254723	0
112.479	13.9191	27.9641	-1.39267	-3.04167	112.797	12.8241	112.893	12.6299	1.7999	-0.254723	5.2871
94.6658	9.83292	27.9641	-4.43434	-3.04167	114.801	12.5506	114.699	12.4195	1.90891	-0.175007	0
114.474	13.5733	28.7213	-1.39845	-2.97942	114.916	12.3187	114.699	12.4195	1.90891	-0.175007	8.97938
95.939	8.75586	28.7213	-4.37786	-2.97942	116.687	12.1035	116.611	12.2921	2.01507	-0.0838683	0
116.531	13.1027	28.5732	-1.3979	-3.00399	116.871	12.0659	116.611	12.2921	2.01507	-0.0838683	7.80799
98.1799	8.61921	28.5732	-4.40189	-3.00399	118.953	12.0009	118.628	12.2586	2.11648	0.0177712	0
118.518	13.0047	29.6904	-1.40449	-2.99281	118.85	12.4063	118.628	12.2586	2.11648	0.0177712	8.3617
99.3726	8.31121	29.6904	-4.3973	-2.99281	120.695	12.2918	120.743	12.3289	2.21139	0.128528	0
120.626	12.7533	30.2443	-1.40915	-2.99506	120.934	12.1905	120.743	12.3289	2.21139	0.128528	8.25914
101.111	8.09094	30.2443	-4.40421	-2.99506	123.568	12.8297	122.95	12.5114	2.29835	0.246599	0
122.869	12.7891	31.2492	-1.41061	-2.97968	123.142	12.7694	122.95	12.5114	2.29835	0.246599	9.22221
102.644	7.814	31.2492	-4.39029	-2.97968	124.894	12.7743	125.242	12.8125	2.37624	0.369827	0
125.135	12.9284	32.2543	-1.40828	-2.98464	125.376	12.9964	125.242	12.8125	2.37624	0.369827	8.81011
104.291	7.80765	32.2543	-4.39292	-2.98464	127.853	13.3273	127.609	13.2365	2.44434	0.495787	0
127.281	13.082	33.3645	-1.41118	-2.99595	127.506	13.153	127.609	13.2365	2.44434	0.495787	7.90726
105.746	7.97455	33.3645	-4.40713	-2.99595	129.947	13.6963	130.042	13.7853	2.50232	0.621879	0
130.102	13.2827	34.6541	-1.42202	-2.95296	130.334	13.781	130.042	13.7853	2.50232	0.621879	11.586
107.506	7.65771	34.6541	-4.37498	-2.95296	132.092	14.507	132.53	14.458	2.55028	0.74543	0
132.33	13.6746	35.7385	-1.42013	-3.01206	132.447	14.3423	132.53	14.458	2.55028	0.74543	7.33042
109.289	8.62564	35.7385	-4.43219	-3.01206	135.074	15.0475	135.066	15.2513	2.58865	0.863795	0
134.905	14.196	37.1891	-1.41281	-2.95089	135.127	14.6575	135.066	15.2513	2.58865	0.863795	9.81335
110.701	7.88398	37.1891	-4.3637	-2.95089	137.561	16.2147	137.639	16.1592	2.61821	0.974442	0
137.648	14.8109	38.3101	-1.41705	-2.9932	137.653	16.5145	137.639	16.1592	2.61821	0.974442	9.21739
112.88	9.05277	38.3101	-4.41025	-2.9932	140.331	17.008	140.242	17.1733	2.63994	1.07503	0
140.251	15.9004	40.19	-1.40684	-2.958	140.305	17.5379	140.242	17.1733	2.63994	1.07503	9.4452
114.167	9.03339	40.19	-4.36484	-2.958	142.888	17.9918	142.868	18.2829	2.65497	1.16346	0
142.651	16.5502	41.2697	-1.41011	-3.01628	142.626	18.1458	142.868	18.2829	2.65497	1.16346	7.10964
116.12	10.4943	41.2697	-4.42639	-3.01628	145.392	19.1617	145.51	19.4754	2.66445	1.23795	0
145.733	17.6361	42.9579	-1.39887	-2.92847	145.789	19.3785	145.51	19.4754	2.66445	1.23795	11.2881
117.784	9.58321	42.9579	-4.32734	-2.92847	148.251	20.4754	148.163	20.7364	2.66951	1.29702	0
148.375	18.3538	44.0154	-1.41764	-3.04825	148.146	20.9376	148.163	20.7364	2.66951	1.29702	7.18378
120.217	12.626	44.0154	-4.46589	-3.04825	150.686	22.1142	150.825	22.0502	2.67111	1.33953	0
150.663	19.8548	45.6852	-1.38158	-2.94778	150.649	21.8148	150.825	22.0502	2.67111	1.33953	7.42446
121.17	11.0907	45.6852	-4.32937	-2.94778	153.422	23.4909	153.491	23.3999	2.66999	1.3647	0
153.684	20.4206	46.3217	-1.40429	-3.02697	153.466	22.9115	153.491	23.3999	2.66999	1.3647	8.06567
124.007	13.6333	46.3217	-4.43126	-3.02697	156.047	24.8084	156.159	24.7682	2.66666	1.37208	0
156.22	22.0366	48.2577	-1.38691	-2.96069	156.009	25.0678	156.159	24.7682	2.66666	1.37208	8.26475
125.076	13.1916	48.2577	-4.3476	-2.96069	158.905	26.0308	158.827	26.1372	2.66127	1.36157	0
159.308	23.199	49.1923	-1.3863	-2.9959	159.014	26.1903	158.827	26.1372	2.66127	1.36157	8.73462
127.75	14.8477	49.1923	-4.38219	-2.9959	161.412	27.4256	161.493	27.4891	2.65371	1.33344	0
161.842	24.6705	50.8705	-1.38081	-2.99401	161.529	27.8454	161.493	27.4891	2.65371	1.33344	7.42062
129.238	15.7954	50.8705	-4.37482	-2.99401	163.625	28.7683	164.155	28.8064	2.64354	1.28825	0
164.467	26.0384	52.0385	-1.37342	-2.99681	164.116	29.315	164.155	28.8064	2.64354	1.28825	7.41466
131.195	16.7714	52.0385	-4.37023	-2.99681	166.828	30.2062	166.809	30.0721	2.63006	1.22694	0
166.991	27.2002	53.1381	-1.36922	-3.00649	166.748	29.7121	166.809	30.0721	2.63006	1.22694	6.6128
133.107	17.7844	53.1381	-4.3757	-3.00649	169.097	31.3717	169.452	31.2706	2.61238	1.15075	0
169.564	28.3277	54.1626	-1.36453	-3.00089	169.345	30.7063	169.452	31.2706	2.61238	1.15075	6.63802
135.04	18.4524	54.1626	-4.36543	-3.00089	172.175	32.3404	172.079	32.3873	2.58945	1.06126	0
172.483	29.6303	55.2588	-1.3623	-2.99112	172.135	32.6666	172.079	32.3873	2.58945	1.06126	7.78027
137.231	19.2787	55.2588	-4.35342	-2.99112	174.643	33.4625	174.685	33.4095	2.56021	0.960341	0
174.875	30.8479	56.3432	-1.36185	-3.02548	174.474	33.9157	174.685	33.4095	2.56021	0.960341	5.95602
139.13	20.9984	56.3432	-4.38733	-3.02548	177.03	34.2009	177.261	34.3262	2.52363	0.850119	0
177.37	31.8906	57.2593	-1.35673	-3.00131	177.211	33.8467	177.261	34.3262	2.52363	0.850119	5.9718
140.954	21.1651	57.2593	-4.35804	-3.00131	180.145	35.1423	179.799	35.1289	2.47883	0.732949	0
179.857	32.9156	57.9767	-1.35705	-3.02221	179.543	35.4767	179.799	35.1289	2.47883	0.732949	5.81571
143.103	22.5328	57.9767	-4.37926	-3.02221	182.599	35.753	182.292	35.8114	2.42515	0.611338	0
182.281	34.0268	58.9094	-1.35243	-3.00958	182.047	36.2626	182.292	35.8114	2.42515	0.611338	5.6868
144.909	23.0158	58.9094	-4.36201	-3.00958	184.732	36.5155	184.73	36.37	2.36226	0.487877	0
184.934	34.7353	59.4797	-1.35713	-3.01776	184.833	36.1451	184.73	36.37	2.36226	0.487877	5.72963
147.198	23.9844	59.4797	-4.37489	-3.01776	186.946	36.9404	187.103	36.804	2.29017	0.365145	0
187.367	35.64	60.1627	-1.34999	-3.01302	187.296	36.9375	187.103	36.804	2.29017	0.365145	5.27548
149.247	24.3813	60.1627	-4.36301	-3.01302	189.465	37.4052	189.401	37.1147	2.20928	0.245623	0
189.731	36.1687	60.6178	-1.35328	-3.03024	189.738	36.951	189.401	37.1147	2.20928	0.245623	4.77127
151.39	25.3429	60.6178	-4.38352	-3.03024	191.735	37.5631	191.615	37.3064	2.12037	0.131591	0
191.605	36.651	61.0482	-1.35202	-3.04041	191.682	37.1147	191.615	37.3064	2.12037	0.131591	3.68691
153.067	25.9198	61.0482	-4.39243	-3.04041	193.471	37.2789	193.738	37.3853	2.02462	0.0250452	0
193.453	37.046	61.3267	-1.35364	-3.04091	193.555	37.4234	193.738	37.3853	2.02462	0.0250452	3.57889
154.725	26.3385	61.3267	-4.39454	-3.04091	195.991	37.3991	195.762	37.3598	1.92349	-0.072386	0
195.356	37.3725	61.5768	-1.35721	-3.04058	195.507	37.4891	195.762	37.3598	1.92349	-0.072386	3.64672
156.43	26.7545	61.5768	-4.39779	-3.04058	197.725	37.7285	197.683	37.2395	1.81869	-0.159495	0
197.333	37.703	61.786	-1.3559	-3.03363	197.582	37.303	197.683	37.2395	1.81869	-0.159495	3.78508
158.244	26.8403	61.786	-4.38953	-3.03363	199.294	37.2862	199.497	37.0353	1.71212	-0.235529	0
199.114	37.8267	61.9568	-1.36165	-3.05199	199.356	37.3527	199.497	37.0353	1.71212	-0.235529	3.29792
159.977	27.5817	61.9568	-4.41365	-3.05199	201.549	36.9973	201.203	36.7587	1.6057	-0.300201	0
200.658	38.0263	62.1484	-1.36222	-3.0503	200.932	37.4694	201.203	36.7587	1.6057	-0.300201	2.86532
161.382	27.7231	62.1484	-4.41252	-3.0503	202.962	36.4568	202.801	36.4212	1.50137	-0.353671	0
202.329	38.0751	62.1758	-1.36785	-3.05043	202.65	37.2445	202.801	36.4212	1.50137	-0.353671	3.05428
162.98	27.9961	62.1758	-4.41828	-3.05043	203.991	36.1967	204.294	36.0343	1.40095	-0.396497	0
203.342	38.0414	62.1173	-1.36406	-3.07104	203.809	36.2941	204.294	36.0343	1.40095	-0.396497	2.0046
